10000
33 53
2 36
33 18
26 48
17 16
37 59
39 25
7 9
50 9
48 73
20 74
33 68
14 63
22 31
2 39
27 25
28 40
0 33
14 50
3 30
35 12
11 13
13 37
31 50
11 52
44 64
40 78
23 77
14 30
32 35
11 28
27 8
32 77
50 14
39 55
0 20
19 77
32 4
14 30
50 31
41 5
21 59
29 42
28 56
37 23
36 42
30 3
21 42
21 53
48 61
3 35
10 31
39 75
40 32
46 34
47 25
4 22
30 47
21 19
15 62
35 28
2 45
30 45
38 30
50 6
41 14
28 43
25 49
1 16
31 5
25 11
6 50
36 22
20 32
17 62
20 39
17 30
22 21
3 9
22 17
28 41
25 6
23 14
6 46
23 65
0 67
31 66
5 1
41 17
27 9
13 72
6 80
35 2
35 79
11 63
4 40
24 16
46 13
23 57
6 38
21 12
33 25
29 27
18 39
39 10
6 55
42 76
12 54
30 3
23 4
3 0
34 35
13 2
30 76
4 28
42 43
43 25
13 49
25 55
9 80
12 10
2 19
43 38
35 47
11 58
45 0
14 68
43 7
47 1
36 73
8 43
27 41
50 74
35 70
27 2
20 45
11 54
18 40
37 70
26 54
25 20
11 58
45 76
14 3
37 57
34 30
2 60
17 17
16 48
33 65
31 15
30 20
29 61
37 17
50 46
48 61
37 67
31 62
12 9
19 29
2 19
49 5
46 27
45 54
30 78
38 14
48 71
30 73
42 5
33 32
26 28
23 62
18 42
38 4
3 49
15 1
24 35
43 5
22 69
15 29
28 54
8 4
8 11
19 59
38 27
47 32
23 9
26 60
4 39
6 52
38 73
44 36
46 0
37 57
24 46
32 8
24 55
5 37
49 3
7 51
45 43
7 8
42 33
50 5
43 36
10 48
46 51
0 70
1 73
34 19
46 63
45 29
33 3
47 6
4 62
2 21
11 61
29 29
30 70
49 25
8 15
36 43
41 14
19 22
2 74
44 10
26 49
28 61
32 57
7 71
45 42
11 16
21 2
37 37
46 0
40 76
43 58
27 39
44 67
14 23
47 6
12 50
44 2
35 42
27 8
48 43
37 78
9 26
1 6
47 41
2 7
21 9
28 72
50 18
30 1
0 74
42 52
16 64
43 62
49 55
43 22
45 6
35 47
41 25
34 25
29 37
21 14
17 69
30 74
8 80
42 65
31 2
31 6
36 16
19 1
47 40
42 66
22 6
18 56
41 36
26 33
16 77
22 50
1 70
37 61
42 61
38 60
6 41
34 28
4 36
10 4
41 0
12 47
16 37
10 33
17 15
27 78
21 71
27 34
12 15
13 42
50 8
0 44
7 67
2 77
26 68
38 56
28 28
40 31
28 6
49 60
31 19
8 34
15 50
14 59
9 66
48 67
23 33
25 10
2 69
0 15
3 79
16 28
22 53
30 56
26 73
37 48
30 55
16 46
24 68
5 51
36 0
17 3
26 3
38 13
36 24
26 67
17 64
16 23
0 45
10 32
4 76
9 56
30 7
5 17
8 12
20 71
48 24
39 14
19 36
14 27
40 64
9 76
27 19
0 77
1 47
48 20
4 12
33 27
46 22
12 29
38 52
27 49
4 44
6 78
20 61
49 8
11 65
43 20
43 73
7 71
32 21
29 32
4 33
10 68
9 80
31 75
16 45
42 3
14 68
1 78
2 8
17 71
4 37
10 47
3 34
43 6
6 45
50 6
34 46
47 6
31 25
25 6
50 62
7 46
44 8
43 27
38 22
46 20
28 65
39 29
42 10
42 51
13 61
30 4
1 14
16 20
38 6
31 50
24 65
34 35
27 63
48 7
43 53
28 30
17 32
49 30
49 13
21 14
36 64
42 20
0 20
34 40
34 22
37 5
12 23
28 30
39 36
49 6
17 55
35 65
6 45
40 40
46 70
26 36
0 40
7 10
35 5
12 69
44 28
18 26
20 19
38 70
31 67
42 60
6 77
43 11
33 45
0 77
36 44
22 30
35 1
29 16
12 33
12 69
20 36
39 46
47 31
13 15
6 44
12 34
1 31
40 54
26 59
32 37
44 33
10 22
4 8
37 70
7 11
42 24
8 12
17 23
28 0
18 18
45 72
31 47
30 80
6 23
10 57
17 37
49 63
6 72
10 43
30 71
30 50
46 8
45 80
26 33
28 57
11 59
20 22
21 2
39 62
43 77
48 50
35 13
49 27
27 77
21 70
29 12
4 18
37 58
21 32
14 31
8 70
37 57
47 39
44 65
9 19
4 25
23 31
34 60
24 75
49 65
17 59
44 4
35 17
43 47
12 37
42 26
11 16
49 61
27 56
25 21
45 12
27 70
27 23
7 59
13 0
43 43
38 12
4 68
9 76
41 62
7 5
46 74
1 63
12 63
0 18
49 21
20 56
40 47
5 15
6 53
5 73
29 40
12 32
29 62
16 19
30 76
28 64
48 4
31 56
27 0
30 36
16 60
12 20
15 40
35 57
34 59
30 26
33 41
49 55
18 68
19 47
4 76
3 41
49 77
36 22
25 74
22 35
0 43
17 14
24 41
41 56
46 4
49 57
27 64
12 39
36 37
22 16
19 40
49 5
33 49
16 62
0 66
17 63
7 26
0 40
28 31
38 42
50 17
12 5
46 15
23 68
41 72
13 10
17 12
9 10
11 2
24 3
40 12
28 69
32 47
31 3
4 5
21 68
50 75
6 19
9 75
13 53
21 29
46 24
31 38
47 70
8 26
17 59
23 73
31 57
18 7
19 58
8 56
17 70
28 26
14 7
17 29
34 30
22 25
33 73
4 8
17 65
31 67
18 35
13 32
46 40
23 59
30 41
5 58
7 6
3 25
18 53
4 46
38 37
15 22
36 65
30 18
27 67
34 62
29 8
8 31
42 3
33 7
27 20
16 17
2 42
43 9
9 51
32 41
17 0
5 78
49 27
41 45
26 7
13 8
43 27
13 55
37 53
50 16
4 60
47 60
0 70
48 1
27 38
29 75
18 52
32 50
37 14
11 57
15 59
36 34
42 7
35 41
47 71
1 26
43 78
45 47
16 9
3 20
35 42
25 33
36 27
7 5
33 76
20 56
12 47
50 67
37 39
26 61
31 1
8 68
44 65
10 12
50 1
1 45
46 70
31 48
49 27
36 74
31 21
50 13
26 59
37 72
2 44
47 26
25 24
21 59
50 32
18 55
20 68
25 51
9 43
38 2
31 18
32 5
24 67
47 36
50 33
6 41
24 79
22 71
41 21
13 73
47 50
9 17
21 58
6 25
28 73
14 63
11 63
36 29
12 6
1 22
14 69
9 54
19 64
26 33
23 70
47 69
1 62
26 69
21 47
34 14
1 50
26 78
39 59
50 31
6 34
16 52
0 30
47 14
48 4
41 46
13 44
40 0
2 77
0 16
16 42
42 51
35 6
5 62
37 14
7 79
9 73
36 42
17 42
20 0
5 27
2 63
33 35
14 60
17 25
0 71
15 47
10 34
14 62
39 48
1 61
37 44
7 11
4 31
41 33
28 51
19 64
17 41
21 74
17 50
18 76
7 21
1 2
24 65
37 6
42 4
20 23
2 54
20 27
50 73
19 20
30 16
5 21
32 4
19 14
2 35
33 15
30 32
1 2
22 16
29 16
40 12
25 34
39 58
32 57
32 30
0 65
19 58
17 27
4 60
1 13
5 55
38 8
25 52
13 11
12 60
13 80
23 61
6 35
46 10
13 60
37 71
11 80
10 23
22 78
36 57
12 75
50 35
33 34
46 38
17 78
42 64
1 79
18 55
30 62
26 16
9 43
33 68
25 52
26 13
45 23
25 39
50 11
43 74
5 59
19 73
3 33
31 48
15 64
42 55
46 29
45 52
48 78
21 25
14 52
10 15
21 64
27 55
34 15
44 7
31 18
36 68
15 8
44 42
8 25
30 60
43 5
48 63
24 78
7 24
27 65
1 74
41 45
19 13
29 5
17 13
30 18
36 71
49 54
0 8
24 28
28 33
49 77
24 20
34 32
19 2
8 68
39 34
48 68
50 10
22 69
36 73
40 8
29 56
13 1
20 73
3 72
37 46
45 65
3 18
4 73
7 13
9 66
22 31
4 51
28 29
6 34
11 20
27 63
17 73
5 78
2 35
1 29
28 23
27 51
1 69
37 34
28 54
1 4
14 4
2 62
43 51
35 38
32 6
20 64
34 36
41 20
10 23
9 2
6 65
34 39
32 71
1 49
25 15
36 52
41 74
16 74
26 9
37 7
25 4
1 9
23 13
5 47
34 16
22 22
42 15
48 26
4 67
48 71
26 36
21 57
38 38
4 10
0 80
47 22
0 23
8 11
33 19
50 54
49 35
12 40
30 72
13 25
20 37
5 17
0 74
41 78
48 42
8 16
41 12
27 78
40 78
1 74
16 59
29 12
31 5
27 56
20 4
38 52
13 31
2 40
2 69
7 73
32 28
23 77
36 0
2 55
21 39
15 9
41 71
25 15
46 20
48 49
12 65
8 28
21 11
14 43
39 36
30 10
44 59
49 68
10 28
34 73
36 25
30 67
39 18
15 62
46 53
12 71
1 36
31 13
0 19
7 17
34 14
10 4
32 6
18 12
28 80
19 8
45 77
23 24
19 25
37 67
16 36
39 44
30 60
44 64
0 58
45 7
11 37
4 26
5 46
35 68
2 41
18 72
8 58
1 2
47 26
45 14
36 1
15 63
7 39
47 17
2 13
5 13
18 18
4 65
2 19
36 16
38 37
23 80
20 37
20 75
26 33
16 23
13 70
15 79
50 8
13 18
44 39
1 40
16 61
17 74
31 75
5 37
33 10
31 8
10 34
2 62
37 27
48 25
17 46
17 1
34 51
49 12
13 26
19 14
22 26
50 74
1 37
16 60
15 54
12 27
49 41
6 56
33 59
46 44
33 56
40 8
47 16
22 68
3 42
28 0
28 36
34 39
13 41
38 20
15 57
34 30
41 40
31 33
36 63
9 45
48 19
47 48
22 11
10 31
13 79
40 37
33 37
43 16
40 73
38 79
36 16
25 30
10 80
15 12
21 38
3 23
45 80
42 35
3 9
18 33
13 49
46 58
31 27
30 69
3 67
4 5
36 46
22 32
46 34
47 63
4 73
41 74
2 29
35 38
5 59
0 38
3 77
13 14
17 44
20 64
14 80
32 34
13 27
41 80
50 41
1 43
36 71
37 35
25 53
20 68
0 70
21 62
15 67
11 65
45 49
15 19
33 56
24 19
1 21
43 53
26 30
36 45
12 59
25 36
29 51
27 40
26 47
0 56
36 44
10 58
8 25
42 14
49 61
21 15
22 28
17 59
32 54
1 24
3 7
28 66
16 60
38 9
18 18
33 79
39 80
50 60
1 10
15 26
14 8
44 28
33 78
30 64
13 26
18 31
16 3
39 30
2 7
40 7
35 3
17 13
1 48
44 3
12 12
12 70
18 37
19 74
33 75
37 52
36 80
44 0
33 1
41 43
50 76
30 14
2 31
42 59
2 36
21 74
14 49
13 2
15 13
18 69
23 47
40 36
41 53
0 18
43 40
29 32
27 10
18 61
36 25
12 3
48 77
10 43
32 13
19 28
34 25
44 76
9 28
2 6
45 60
36 6
18 57
40 14
33 41
40 79
25 70
24 46
8 4
12 14
32 70
25 64
29 52
2 80
25 49
20 48
27 39
30 1
49 43
1 19
23 5
2 16
48 4
23 5
16 17
1 36
37 46
13 11
33 3
34 25
20 65
37 62
46 25
32 40
36 71
27 38
18 20
29 69
3 78
25 43
49 3
48 41
46 73
48 73
43 8
7 35
33 64
17 40
30 75
9 63
16 1
27 37
30 8
29 20
37 15
50 69
39 45
35 1
47 33
47 79
30 11
25 52
24 16
44 20
28 30
12 51
19 68
25 64
44 58
16 68
12 72
41 53
12 58
13 64
29 49
46 45
15 78
34 51
43 54
21 58
35 15
21 21
38 35
4 34
46 6
24 4
40 24
19 54
10 57
3 54
25 35
20 33
43 71
24 3
46 36
37 68
39 52
24 47
1 32
42 61
35 39
20 14
41 67
41 67
39 2
29 35
29 34
49 68
41 40
45 23
46 26
36 71
0 64
13 5
37 36
48 27
12 46
15 27
7 71
45 58
50 38
47 61
36 30
40 67
18 12
27 5
9 77
21 45
48 67
28 4
20 20
17 70
23 24
14 24
6 35
50 76
44 43
6 41
13 72
6 21
9 40
8 43
1 6
46 16
38 63
22 40
33 4
45 57
17 29
27 80
19 42
26 47
15 38
7 72
37 25
1 65
42 31
9 62
23 30
1 17
41 39
2 54
31 32
18 12
25 27
38 20
2 39
35 75
5 78
10 69
17 64
6 35
39 49
35 43
42 25
49 28
31 77
45 55
46 25
16 22
7 53
48 54
7 46
27 42
35 18
34 9
49 12
30 52
42 49
37 18
29 17
11 54
41 47
26 7
35 75
35 79
8 4
29 6
15 0
26 53
17 36
44 12
13 10
49 11
49 79
4 32
29 5
41 16
21 20
12 19
33 36
48 22
42 59
17 26
28 40
21 43
44 46
32 79
37 39
27 43
9 6
11 26
9 23
11 22
17 5
28 48
2 64
30 4
3 59
6 1
4 63
6 43
49 76
42 45
30 26
45 26
10 1
39 3
31 8
46 9
31 13
49 55
49 73
10 43
16 1
45 45
43 10
10 9
45 78
27 44
29 43
7 11
10 47
1 37
21 39
37 8
42 47
42 68
39 40
32 4
39 27
42 28
36 47
9 28
10 25
43 1
23 44
48 9
42 49
48 56
47 11
6 17
50 22
6 57
26 8
30 62
28 42
3 13
4 59
17 22
50 67
15 48
31 3
21 49
29 5
33 57
28 28
28 55
43 34
41 5
21 69
3 41
36 27
32 18
35 58
35 42
17 79
10 58
21 46
32 6
41 14
46 18
48 38
2 5
47 14
29 11
25 5
27 71
48 12
1 17
17 47
34 73
35 51
13 63
49 42
21 52
33 18
22 8
48 37
8 72
31 79
50 25
26 70
33 76
13 32
50 59
31 6
43 7
25 0
1 44
30 22
45 62
50 15
27 39
8 34
48 38
25 73
20 47
21 56
1 57
48 48
24 22
11 44
43 41
11 68
18 31
25 1
2 46
18 10
29 38
7 25
36 50
46 69
36 11
31 2
35 65
35 65
46 50
48 37
7 11
11 41
50 30
1 3
33 75
22 16
3 58
21 71
25 78
47 21
21 57
31 38
47 3
47 1
1 17
35 6
27 39
11 49
18 43
13 50
21 37
16 59
42 28
22 11
20 66
14 49
44 16
28 78
30 55
23 17
25 26
42 33
34 10
26 73
38 0
2 39
0 0
45 24
21 57
47 50
3 25
29 0
9 36
1 30
41 76
44 36
0 78
22 9
14 75
0 8
28 21
18 30
27 28
24 8
24 5
39 74
31 33
50 66
25 72
50 17
25 12
6 72
7 66
47 45
42 0
17 79
42 36
41 25
36 14
46 3
26 9
7 58
19 29
31 45
20 74
43 56
0 4
44 68
29 19
44 6
5 75
49 32
44 71
50 33
27 37
49 17
19 59
33 66
20 5
46 47
38 20
30 57
43 47
50 64
31 52
30 26
11 47
43 53
1 13
39 51
5 28
4 5
6 62
34 67
36 33
36 38
26 27
47 80
43 46
50 1
4 75
23 72
38 11
50 78
31 6
44 59
21 40
25 22
2 63
4 2
22 24
49 26
19 68
49 51
39 62
22 7
39 71
50 36
25 75
1 22
23 20
16 76
40 60
2 43
46 62
39 69
10 34
12 8
12 50
22 74
12 62
31 16
16 23
37 74
3 54
0 57
8 23
37 21
41 12
42 19
4 72
18 46
23 30
11 11
0 33
23 32
26 8
45 28
42 37
1 55
14 44
21 65
13 77
30 76
2 76
8 57
11 77
11 45
11 39
20 43
4 35
16 2
1 46
26 0
38 77
38 36
4 62
44 38
0 73
11 22
40 33
29 26
3 8
25 74
30 50
47 70
17 34
47 34
42 76
50 7
27 7
18 22
16 24
48 78
15 70
35 1
18 53
9 8
14 21
39 72
27 30
33 44
46 69
33 53
37 16
35 12
3 37
31 2
1 5
19 57
12 46
13 77
25 68
4 74
34 16
33 34
21 36
10 0
17 49
9 34
26 0
34 70
16 0
18 75
12 50
21 73
25 60
9 27
14 38
13 12
9 46
27 52
21 33
30 43
36 33
42 44
19 39
10 9
41 72
42 17
37 66
26 24
17 75
45 59
19 29
35 11
6 44
2 33
7 32
1 24
14 21
22 62
1 30
15 72
9 29
50 62
29 48
12 9
20 29
14 2
8 9
37 18
35 23
3 45
30 11
9 80
28 35
34 21
2 62
20 45
45 73
38 17
49 61
33 67
9 38
43 56
11 3
19 46
31 8
34 31
49 6
2 54
28 43
27 71
24 25
50 56
40 27
4 13
32 37
15 58
45 71
22 4
12 51
9 51
2 5
36 53
11 34
39 52
40 12
8 26
39 23
48 16
50 75
29 79
29 50
6 51
31 10
44 57
49 1
10 52
32 52
2 53
45 70
21 56
2 2
6 34
48 9
23 27
34 49
47 37
20 15
9 8
12 55
1 75
8 3
13 80
7 21
7 31
16 34
36 63
3 58
40 18
29 38
29 32
46 32
16 63
7 59
4 62
23 2
50 12
15 47
39 39
12 21
29 40
44 14
1 41
24 27
25 25
33 63
36 75
26 49
33 8
9 16
46 16
16 24
30 11
20 63
44 77
42 1
11 63
14 74
23 23
24 2
40 11
21 65
7 24
41 61
12 48
3 11
50 78
31 77
32 13
35 46
15 43
44 54
18 8
12 47
29 8
46 6
20 7
2 17
40 76
47 7
35 36
9 60
28 69
2 18
45 26
30 21
42 3
33 2
17 27
16 34
10 50
31 22
10 27
39 18
2 36
37 71
6 48
10 27
9 62
15 70
7 48
5 65
14 59
20 64
43 36
34 71
25 29
1 52
13 74
22 32
45 61
36 13
1 27
20 26
46 43
9 31
21 80
32 51
13 12
22 53
48 9
25 25
29 64
5 71
44 34
45 74
47 76
28 21
26 56
5 30
50 0
37 67
5 69
38 77
26 17
42 39
32 23
46 69
13 49
35 26
12 15
19 29
2 12
21 55
6 15
19 51
27 14
12 18
36 76
12 52
4 13
33 41
16 60
37 27
38 74
11 6
8 45
3 42
17 3
44 0
12 6
29 74
2 78
7 10
50 63
18 19
49 59
7 2
36 67
26 44
20 59
25 79
30 57
48 77
39 20
19 11
32 16
45 61
45 12
22 19
41 56
41 25
33 65
17 25
28 28
12 55
40 64
37 34
46 4
3 13
9 66
21 80
2 22
26 75
47 38
8 56
46 30
47 55
26 0
37 28
25 64
38 4
16 65
11 71
30 54
27 31
48 6
2 13
43 48
8 33
28 4
36 10
31 20
1 29
8 16
50 4
24 48
11 0
49 30
15 37
36 8
1 52
17 27
9 45
1 72
37 77
19 69
41 50
31 3
38 11
46 0
47 10
21 67
23 11
18 76
35 10
29 30
40 7
21 16
23 43
30 59
14 36
47 6
33 36
44 16
25 27
50 40
21 18
25 66
26 74
1 0
1 22
6 35
29 47
21 23
49 38
8 1
2 46
6 16
5 14
21 72
6 11
46 20
27 52
18 46
28 56
37 1
7 76
30 79
34 22
30 74
30 66
39 7
4 16
44 68
18 65
37 35
42 24
48 27
31 26
26 9
45 46
2 31
3 13
14 4
25 48
25 8
17 21
31 46
15 62
9 60
32 18
26 39
9 1
50 43
6 56
12 79
36 36
25 80
33 13
33 53
19 62
48 61
37 9
50 4
21 23
44 34
0 39
48 26
46 3
27 14
18 78
16 75
46 61
29 41
39 8
38 9
0 4
16 78
46 47
50 29
2 56
18 6
48 14
21 4
42 63
12 18
7 34
25 78
10 79
39 28
5 53
4 3
20 19
3 70
28 60
9 65
6 70
22 34
48 31
33 48
2 21
14 69
44 14
28 29
3 34
6 37
0 34
41 3
19 11
21 55
6 35
44 75
44 20
3 16
21 69
47 20
2 75
6 3
18 41
7 74
16 65
47 7
42 29
36 13
50 67
29 4
4 14
45 23
1 25
24 47
37 38
15 25
38 36
2 46
9 21
42 80
44 37
1 40
45 55
25 76
16 15
8 12
50 80
20 69
6 39
37 21
0 61
30 32
23 74
13 3
45 76
34 41
1 12
38 56
20 3
8 17
44 73
2 17
37 57
0 4
11 64
34 77
19 64
14 17
14 75
39 16
6 2
25 7
40 22
15 64
4 34
21 51
6 75
26 34
38 11
15 16
3 62
46 78
30 70
38 16
20 51
20 66
15 47
20 22
33 50
20 72
8 52
29 9
26 41
2 68
34 63
41 13
44 56
0 0
7 5
32 52
20 2
3 34
37 61
48 75
38 56
6 7
13 78
18 53
32 0
41 64
34 48
32 69
36 2
37 45
45 65
33 68
10 51
47 24
2 39
36 33
20 47
35 32
26 74
7 52
1 28
39 9
41 18
42 18
17 65
13 15
18 69
20 22
25 39
26 30
32 12
7 41
19 68
29 17
29 74
28 4
31 56
3 8
15 48
24 59
9 71
3 13
25 32
25 55
5 79
0 62
43 33
35 8
45 62
6 69
50 12
48 29
6 26
30 3
21 15
24 20
22 70
42 72
15 15
33 27
1 8
42 67
8 33
11 50
40 42
30 37
49 21
18 51
20 30
24 74
34 32
25 66
50 5
30 17
8 52
1 2
17 73
24 2
19 49
37 70
23 3
25 11
18 11
15 16
14 13
40 3
39 23
46 17
15 42
29 26
9 19
15 49
1 46
0 71
24 18
20 1
46 39
36 59
10 47
45 75
11 14
41 50
40 9
23 67
19 7
7 3
0 76
25 45
39 29
43 56
35 7
48 47
43 68
24 57
30 71
22 80
27 77
6 4
13 55
4 13
38 20
4 52
20 77
49 61
6 1
36 60
5 10
10 24
12 20
8 70
11 20
5 1
27 74
23 42
30 78
44 11
29 24
9 16
2 42
41 15
15 74
6 42
36 5
38 57
38 58
31 73
9 69
0 2
16 9
10 72
2 14
4 58
49 62
34 11
38 18
1 7
21 29
11 66
47 8
16 61
25 15
20 39
48 13
44 76
48 80
30 55
7 34
15 74
7 8
2 15
14 1
5 41
30 67
31 2
26 4
1 73
44 9
2 1
16 12
13 8
18 34
39 22
3 66
22 24
13 69
39 79
40 40
33 18
19 36
31 54
31 27
15 28
22 43
25 13
0 12
44 28
11 58
6 36
24 57
40 54
1 50
33 72
33 29
19 30
1 34
29 4
46 61
1 50
46 25
28 76
48 47
34 31
29 11
29 34
11 19
29 28
37 45
45 9
6 20
24 45
13 18
25 58
26 58
14 70
6 2
12 33
45 6
6 1
49 79
44 16
10 49
43 79
20 70
3 17
3 48
14 44
30 46
20 9
16 29
42 19
6 11
45 19
36 43
17 2
9 23
7 12
42 54
15 72
41 9
20 78
6 27
35 25
33 64
14 73
8 42
39 17
33 62
31 38
31 27
25 2
28 41
30 27
17 1
35 16
48 69
27 59
8 1
11 65
8 34
19 18
32 7
31 47
11 29
5 2
12 57
31 68
36 79
26 38
33 40
2 73
46 13
50 12
26 75
33 5
23 7
50 30
11 6
26 38
3 54
39 0
5 79
42 80
42 71
12 0
29 71
10 33
14 20
3 21
29 56
17 62
23 18
50 16
39 70
37 68
12 71
25 73
26 1
4 45
19 67
44 72
12 76
8 67
33 68
33 57
38 18
9 65
12 12
48 60
7 32
19 52
29 72
24 23
36 17
11 73
24 1
7 59
38 25
6 1
19 10
3 14
22 26
18 61
21 22
31 32
10 26
10 22
43 6
36 47
43 64
33 71
41 14
23 29
44 30
10 22
41 6
6 9
16 54
1 40
45 28
9 30
29 37
15 50
13 15
35 64
4 41
35 42
48 29
12 9
38 1
18 37
12 64
7 13
28 58
41 9
4 6
32 78
20 12
38 36
23 78
38 41
28 80
32 29
11 10
22 75
1 43
25 43
3 33
12 9
9 24
44 76
27 58
38 0
49 18
19 4
42 30
35 73
13 2
32 79
10 43
31 2
50 25
32 17
38 22
34 61
42 11
46 42
33 42
20 5
50 2
46 73
46 30
45 34
13 37
19 54
12 73
20 58
22 4
48 26
33 23
1 7
34 34
35 41
23 37
28 38
31 10
1 70
49 11
35 69
37 66
24 24
38 29
22 57
33 31
17 62
22 53
35 7
16 27
33 63
11 42
17 64
24 76
18 33
26 3
26 26
37 77
25 59
17 14
38 53
44 59
14 62
48 40
12 47
6 2
29 60
34 71
50 61
13 39
8 58
36 46
8 15
40 64
25 55
40 6
34 38
17 38
48 40
32 49
26 35
30 58
26 62
11 74
40 20
26 58
30 2
2 78
0 62
47 74
24 24
29 61
21 33
30 18
11 21
47 18
19 44
19 68
20 16
31 6
39 33
18 43
15 0
33 21
30 49
45 3
26 54
6 76
37 78
17 4
6 56
43 35
37 53
34 37
35 56
44 52
49 59
20 3
49 10
4 78
31 43
6 30
45 74
24 2
10 79
16 6
12 65
1 53
32 44
50 56
31 24
4 34
0 23
4 2
46 68
45 40
1 54
35 40
37 37
1 54
13 3
26 21
44 36
10 14
16 35
39 46
41 48
45 67
30 29
26 21
25 0
3 60
30 45
1 44
9 19
40 70
7 4
46 72
46 55
29 18
37 45
23 1
28 10
6 34
5 35
4 17
46 42
33 48
29 64
16 66
43 31
50 56
31 60
28 26
3 25
42 39
39 66
36 61
48 25
47 39
11 57
31 73
31 16
28 18
11 3
27 69
12 3
38 30
6 43
14 60
4 11
12 52
48 46
37 65
0 73
5 74
18 6
37 26
27 36
6 11
33 49
36 21
17 46
27 70
7 18
48 61
33 62
32 37
22 10
20 52
16 77
25 76
34 55
6 34
29 37
31 57
5 75
37 51
35 1
33 78
43 52
33 68
20 80
32 62
50 77
29 65
7 27
50 7
44 1
3 55
26 1
22 55
40 25
37 47
17 44
5 65
27 24
38 46
43 10
44 14
13 38
49 54
11 54
17 29
37 43
27 26
6 57
17 5
44 71
23 20
36 57
14 75
43 69
40 76
15 27
7 73
40 73
12 73
11 16
14 38
20 51
23 60
27 49
25 65
37 33
45 52
40 28
50 51
21 62
42 36
20 44
15 11
39 54
21 59
41 16
8 6
15 63
6 59
33 69
7 26
16 55
12 48
33 25
44 67
13 68
17 34
17 15
16 79
38 42
2 3
18 32
38 31
16 55
17 33
46 41
21 56
21 21
29 60
40 67
6 1
27 52
35 53
24 22
39 64
36 4
43 29
36 72
0 28
45 20
4 74
18 54
17 7
10 7
41 10
0 40
11 23
32 44
11 0
22 0
31 17
19 42
20 49
40 73
36 1
39 13
22 54
45 61
48 80
13 51
5 38
16 79
9 64
48 39
13 79
6 54
50 49
49 56
27 31
41 73
21 80
43 58
6 39
24 80
15 24
27 10
32 10
29 29
46 59
48 7
6 70
26 55
20 45
42 7
39 41
31 11
44 69
19 59
14 15
38 20
34 31
18 53
18 51
45 38
15 67
20 26
1 11
17 36
2 58
7 14
23 20
20 7
12 32
25 36
24 17
49 9
44 44
39 64
41 55
29 48
27 75
45 27
8 67
1 68
24 24
12 48
28 2
44 3
12 43
26 65
41 25
45 6
2 76
2 72
47 39
43 30
25 55
35 60
46 6
49 56
39 50
35 69
36 70
1 62
24 36
14 62
43 69
41 44
5 0
46 37
36 14
38 32
1 5
27 76
50 8
34 42
16 56
21 70
32 63
0 69
39 16
19 42
26 15
39 26
26 22
46 48
16 69
36 19
5 21
29 75
47 23
47 11
0 62
7 53
28 6
0 60
28 11
9 6
9 70
47 70
22 63
20 46
28 70
44 50
39 3
43 34
4 42
7 38
1 8
22 64
33 19
40 33
50 44
36 55
10 1
39 15
40 77
8 74
1 35
38 47
0 10
18 71
4 78
34 13
26 39
46 14
18 17
13 29
34 33
13 65
23 42
30 78
15 38
27 45
12 79
21 30
19 33
7 5
5 45
1 36
3 29
5 11
1 28
47 0
45 79
50 45
4 32
26 19
46 47
17 46
48 43
32 2
33 49
40 67
48 40
0 58
27 57
41 59
24 44
49 68
18 27
7 8
15 45
16 21
9 6
8 42
18 26
12 18
27 6
25 21
49 56
26 70
8 58
42 65
49 72
48 13
30 61
26 61
45 5
43 66
3 40
33 33
18 42
11 50
0 22
11 20
34 80
26 64
9 19
38 12
49 0
47 44
24 28
20 8
21 57
47 80
20 76
25 53
45 13
49 8
40 10
5 74
34 64
6 58
20 19
31 41
50 25
30 73
12 61
44 39
30 42
23 44
4 24
15 45
7 22
36 63
45 14
40 53
13 75
44 49
23 24
32 53
0 2
41 68
32 36
46 72
46 67
25 3
12 42
49 0
25 63
5 53
8 39
4 76
14 11
17 6
4 40
25 0
27 57
25 13
42 5
36 11
24 66
35 55
38 51
7 76
47 22
27 20
33 7
45 65
14 69
35 23
6 58
20 49
36 41
41 36
49 44
46 66
19 13
39 48
26 16
34 21
48 39
50 68
6 13
15 13
17 3
1 34
43 77
23 28
42 18
37 4
10 16
38 32
42 14
38 63
35 74
36 71
24 16
12 41
13 71
12 76
6 7
38 65
25 2
6 36
35 56
13 56
39 39
23 56
3 50
28 48
9 31
34 80
34 36
8 39
34 12
15 2
36 68
29 50
31 75
14 63
35 29
18 2
13 14
24 10
26 7
30 70
42 23
0 25
2 40
3 29
46 31
44 11
26 61
13 36
29 13
38 18
30 11
15 47
27 49
24 39
4 49
17 46
24 40
7 79
10 7
43 51
26 59
37 78
23 21
11 69
12 15
23 57
6 4
48 51
23 45
21 14
8 71
3 36
18 44
6 56
35 14
6 46
44 36
48 66
43 11
1 54
5 20
41 1
32 2
18 29
16 57
43 72
46 53
4 74
43 17
42 78
35 54
38 52
0 45
39 29
10 66
34 42
44 65
1 0
38 29
40 54
4 16
6 26
24 16
34 58
1 40
43 32
47 48
26 68
26 9
12 2
11 4
47 76
44 33
35 10
5 14
13 26
8 57
21 23
22 73
21 57
34 71
41 10
47 35
36 24
48 68
28 59
33 24
1 60
39 37
1 28
12 42
22 52
38 58
22 51
10 52
6 6
8 73
39 38
10 39
36 28
43 3
31 12
49 10
31 43
4 62
33 70
2 52
10 35
17 9
49 27
34 5
6 72
47 50
17 49
32 34
32 56
32 68
6 56
7 76
43 19
25 62
22 37
15 63
19 78
44 76
19 56
32 70
25 11
35 74
21 46
0 1
47 36
0 42
2 42
0 75
4 19
10 76
32 25
10 64
0 28
48 69
32 36
42 64
15 41
5 20
19 78
50 76
16 65
39 34
10 60
40 11
11 79
5 39
29 75
11 74
42 5
47 0
26 65
31 57
33 72
49 78
15 4
34 29
27 80
24 43
10 38
6 80
38 15
50 5
18 23
3 17
40 35
2 16
37 71
34 14
43 72
22 27
6 15
2 69
37 20
15 63
13 70
42 47
33 9
26 79
4 80
13 69
39 20
39 30
14 69
45 43
49 57
44 62
23 29
13 79
32 79
32 25
37 17
1 54
34 73
37 79
45 51
16 58
29 47
18 6
10 48
22 49
10 20
22 10
16 54
29 4
4 60
47 18
9 70
33 30
14 20
31 79
31 70
43 16
24 46
26 18
39 8
29 30
11 41
24 72
19 26
14 24
36 76
2 36
24 28
13 16
48 56
23 24
47 8
45 30
31 37
14 14
32 72
37 27
32 39
35 80
24 76
25 0
13 28
18 19
3 29
36 9
1 69
34 0
17 80
9 80
15 73
14 15
36 22
20 63
20 68
2 39
35 24
30 64
28 66
29 68
12 11
10 60
0 52
16 53
6 42
3 48
37 60
31 1
11 0
3 0
38 15
15 62
32 50
40 46
41 26
2 25
12 43
28 16
45 35
5 26
26 73
11 74
48 57
17 20
44 30
35 39
15 59
31 58
46 23
2 69
48 40
21 59
23 41
16 57
6 17
37 37
1 39
20 54
18 24
19 75
46 3
15 52
38 2
29 26
12 58
49 5
49 32
33 56
23 3
46 71
35 63
32 72
48 65
31 68
41 16
46 22
41 15
9 14
19 71
9 73
13 78
21 31
34 50
39 65
14 12
28 17
20 4
3 8
36 50
32 42
31 59
8 70
49 20
24 50
19 44
30 31
31 16
2 62
17 19
48 20
18 73
25 68
32 3
16 13
37 33
7 70
15 10
21 62
50 42
44 30
19 15
5 75
36 70
20 12
2 72
23 69
49 78
12 77
0 28
16 45
31 8
37 22
20 17
1 39
48 15
13 71
24 65
50 18
9 75
45 70
0 9
28 41
14 64
45 23
13 14
12 74
6 80
25 8
49 48
46 5
11 65
28 69
7 79
5 60
49 23
37 74
48 77
26 42
25 60
15 66
36 19
22 43
47 32
41 67
39 21
21 46
26 56
35 40
11 53
11 55
49 3
39 53
38 20
28 40
29 36
44 74
1 68
11 60
28 70
32 2
44 57
20 24
28 44
32 72
1 30
22 37
0 41
18 37
38 21
5 69
34 61
19 17
48 34
47 40
1 14
32 37
17 39
33 71
42 12
36 14
44 30
41 17
2 28
11 75
29 76
36 70
16 18
10 50
49 37
28 51
41 12
10 72
2 67
27 29
15 16
50 32
24 18
1 33
26 60
23 65
39 47
17 14
4 77
49 57
40 24
25 66
38 64
29 46
23 74
46 71
26 71
34 15
50 55
44 72
27 22
43 22
45 74
24 61
23 24
35 39
19 70
4 14
30 76
26 53
14 53
23 29
23 15
23 76
46 46
41 54
26 13
2 46
46 58
34 80
41 34
12 44
41 7
21 65
2 53
39 57
45 64
15 10
33 58
19 24
25 14
13 59
0 67
16 3
48 10
35 20
22 43
50 8
30 19
38 60
47 45
46 49
8 38
41 68
40 21
13 44
27 76
50 1
29 35
16 61
0 60
18 15
36 10
4 10
23 0
3 5
42 16
29 75
35 61
20 35
0 21
17 78
40 63
4 64
1 40
39 66
3 6
42 68
33 55
16 80
19 41
27 72
49 34
3 36
43 78
12 7
6 15
0 31
41 51
35 19
37 3
9 58
28 45
3 74
9 49
12 25
28 69
46 65
40 6
17 26
9 21
49 62
16 67
1 62
40 48
34 26
9 61
42 9
31 17
0 4
26 74
50 58
7 54
2 42
27 5
3 77
32 19
11 37
19 69
1 28
35 58
0 50
39 33
44 1
41 14
32 2
42 14
43 61
37 51
42 33
0 24
29 59
30 37
39 72
26 15
19 6
23 14
26 63
13 77
32 37
33 66
7 80
39 36
14 17
32 77
15 68
31 52
25 2
15 19
10 19
8 44
31 57
46 72
38 38
26 39
45 19
33 46
2 44
28 23
18 68
26 51
22 79
20 50
31 10
0 18
29 4
33 8
20 79
0 7
43 13
11 45
31 65
35 7
12 21
37 47
38 23
2 80
16 4
30 64
27 65
34 41
16 51
12 5
1 72
18 74
27 40
24 12
29 76
21 15
38 75
43 80
8 62
15 56
38 1
34 48
33 18
16 34
5 74
14 13
14 75
47 40
15 46
2 5
32 23
38 10
21 3
2 13
21 46
33 56
18 46
0 59
24 27
48 43
13 47
29 32
38 10
34 76
11 16
39 18
39 73
24 21
49 27
31 46
7 9
35 64
43 54
29 63
22 33
26 64
7 28
30 25
26 66
6 57
37 80
1 48
45 11
8 53
11 19
39 10
46 43
45 70
0 80
12 29
27 2
22 42
36 57
49 3
15 47
9 19
0 42
49 76
23 76
12 57
2 18
34 10
14 43
24 69
4 26
50 60
14 77
2 25
3 11
20 44
32 52
19 48
37 32
9 45
48 5
26 79
8 75
20 44
29 32
27 51
7 4
43 61
46 30
12 45
41 36
50 71
24 32
9 5
49 4
5 52
7 24
34 51
14 33
2 50
29 74
39 34
3 21
24 66
27 26
30 25
48 38
20 31
0 16
26 18
15 52
29 28
30 4
44 64
16 18
41 68
16 65
9 51
38 13
45 76
20 53
3 12
32 52
46 24
24 71
30 57
26 28
44 5
11 63
35 69
39 12
5 75
41 72
37 26
20 29
12 34
28 58
42 1
12 77
15 31
8 45
22 19
9 16
47 0
35 3
37 47
4 19
31 13
9 70
0 19
22 15
1 23
7 32
7 25
20 60
18 75
4 46
36 27
25 30
10 5
14 8
41 56
19 55
3 4
49 41
10 3
35 10
45 4
26 78
30 45
4 56
1 17
28 20
19 69
2 70
13 29
10 20
10 16
21 56
12 48
29 61
2 73
4 69
34 21
10 9
33 68
41 70
2 28
20 23
42 68
8 62
37 51
8 32
13 77
7 64
30 5
13 45
15 37
47 9
24 59
26 59
12 14
33 80
38 48
10 39
45 22
21 73
28 56
0 14
12 24
17 14
21 36
25 5
46 66
40 13
30 41
0 44
2 35
36 39
47 28
25 50
12 68
42 70
25 21
31 14
41 53
2 8
10 39
48 38
28 28
13 60
38 52
5 55
3 38
2 76
42 71
16 52
26 19
33 76
38 39
3 72
16 70
19 61
38 59
33 62
38 23
34 50
16 32
45 45
28 4
39 44
43 47
33 64
47 37
16 68
21 16
23 49
39 73
10 65
6 9
43 43
2 45
50 19
24 68
48 20
49 36
17 33
44 34
50 14
31 38
24 42
35 8
9 12
44 41
7 59
28 79
29 55
7 18
35 55
12 46
20 78
13 28
3 49
26 0
19 4
44 63
37 0
41 68
33 6
3 40
0 22
49 71
16 21
19 5
31 40
41 6
17 16
33 77
46 79
39 29
39 71
49 8
20 79
30 28
40 17
10 7
37 3
37 26
13 56
37 44
0 55
47 28
12 68
41 21
5 24
24 36
11 74
18 75
20 34
3 34
20 73
25 54
42 36
5 27
37 1
37 35
39 30
44 3
26 43
20 24
34 70
45 34
36 17
37 79
24 4
1 53
1 35
49 19
38 16
6 35
39 10
17 46
18 39
19 77
3 34
31 69
37 35
29 57
18 29
28 23
47 16
11 10
37 61
9 0
42 12
15 47
40 11
2 24
15 33
18 48
19 18
48 63
17 37
17 16
21 56
32 72
5 32
0 74
10 36
40 42
9 22
49 45
8 19
18 3
45 57
1 13
46 42
7 32
48 73
26 26
20 71
8 3
33 37
14 71
40 33
2 78
29 57
7 40
10 20
27 70
4 12
35 2
1 69
33 72
24 36
26 70
10 4
48 27
49 35
49 28
1 19
43 27
39 20
25 50
24 41
25 41
35 6
10 10
41 45
28 65
32 12
42 60
40 35
5 22
44 15
49 2
31 7
17 20
9 32
7 1
21 75
37 42
0 29
30 15
39 14
42 12
15 7
41 52
0 61
27 59
15 29
40 58
17 7
17 53
10 29
22 41
32 27
48 25
39 45
12 48
24 26
12 43
28 70
23 76
18 0
20 26
23 36
32 16
14 0
24 71
22 34
50 78
22 69
0 32
27 17
11 43
19 17
3 29
50 37
30 50
17 33
50 16
20 29
7 62
46 43
21 61
45 63
23 21
16 77
21 62
8 47
6 8
26 70
47 24
50 9
1 41
35 59
11 74
26 29
11 49
0 50
15 25
35 70
22 70
21 59
21 30
28 49
13 41
21 21
0 63
18 28
16 43
9 29
13 79
9 77
18 13
17 62
40 34
36 53
43 79
49 7
36 60
3 80
15 12
20 13
1 71
4 22
22 39
0 28
32 24
43 76
32 49
28 70
18 67
13 79
43 31
9 19
46 37
1 26
42 26
27 9
50 60
24 1
8 7
37 78
33 44
47 11
46 38
42 16
12 34
35 48
29 54
12 6
32 43
45 20
8 17
25 58
3 9
2 80
6 77
27 66
49 42
12 26
5 55
3 67
17 37
34 25
10 10
26 44
5 14
49 42
9 40
4 23
17 71
39 14
48 43
41 67
42 20
44 74
32 60
41 75
37 57
21 1
37 62
14 8
21 2
17 53
18 63
45 63
49 25
49 7
27 64
46 22
4 54
25 61
7 38
3 13
28 40
48 31
25 40
31 48
50 71
47 52
0 26
43 19
7 70
7 18
44 50
49 25
3 77
26 9
23 35
7 75
38 58
20 13
34 39
50 45
32 32
21 62
15 21
39 32
11 45
29 65
14 24
35 26
31 11
9 43
40 61
7 60
5 28
41 67
18 8
10 55
44 62
10 31
16 79
40 0
41 11
50 58
22 57
37 62
29 70
9 46
46 5
30 20
3 30
21 3
41 10
48 48
31 24
38 4
2 61
20 66
3 70
36 10
4 72
9 28
27 20
45 7
22 31
41 6
50 20
30 15
29 38
20 47
9 9
34 55
36 42
2 61
50 14
21 14
3 45
13 45
25 56
49 62
41 29
17 74
13 15
34 1
48 34
48 55
2 12
13 42
23 30
11 64
2 4
31 27
7 25
10 40
2 56
19 44
39 73
33 67
29 27
44 23
35 28
10 11
43 2
49 41
35 67
36 9
36 29
49 53
5 68
2 39
16 25
42 73
10 27
17 4
12 79
7 4
48 59
20 15
18 73
38 22
15 16
49 25
42 27
26 3
48 18
0 53
2 46
34 40
3 11
35 55
12 78
35 60
29 50
2 19
26 74
50 38
36 50
7 76
50 76
47 77
42 29
1 32
2 20
38 11
9 62
45 54
41 42
24 6
2 14
35 30
19 34
40 14
12 4
32 70
21 74
34 76
34 23
28 40
1 30
32 54
0 4
21 29
45 80
16 44
18 74
44 26
31 28
34 71
46 10
35 33
8 67
2 18
30 5
45 71
11 18
7 25
45 26
4 9
45 27
11 41
2 50
21 78
44 58
22 70
9 79
16 57
10 60
4 53
37 29
35 78
15 4
45 54
5 36
10 9
9 23
31 30
7 43
44 0
3 13
3 79
4 34
5 58
37 27
1 66
13 15
31 34
50 44
11 62
47 32
27 63
39 0
26 12
28 34
4 6
3 69
50 53
3 15
37 60
27 55
38 61
40 70
28 25
20 59
8 71
19 59
16 70
40 58
33 39
10 55
17 16
1 73
8 53
7 0
42 12
13 38
30 60
23 59
16 15
18 22
4 53
42 53
44 43
7 4
1 33
32 39
25 19
0 35
32 29
7 42
23 6
25 6
48 4
45 52
47 28
22 45
38 61
2 68
3 72
43 22
2 14
30 55
16 59
45 76
19 25
6 7
38 20
5 9
30 25
10 25
48 79
37 47
36 42
20 76
23 7
39 63
26 16
43 0
32 43
49 51
37 29
37 46
10 65
47 60
34 38
33 7
47 53
2 45
16 25
44 48
15 25
36 44
37 53
22 40
6 28
2 12
25 80
32 65
7 72
20 80
37 13
30 65
38 42
14 46
21 18
18 5
38 56
39 59
17 67
18 31
44 62
48 25
8 73
43 15
18 52
12 27
41 37
25 50
40 13
2 56
42 6
4 36
12 17
12 2
49 33
46 66
20 21
34 67
16 52
26 71
21 79
21 33
0 33
49 78
16 19
44 40
29 17
8 36
39 52
20 14
41 24
47 37
20 27
46 11
38 73
19 16
46 52
49 63
26 30
31 41
33 23
32 2
33 28
6 74
39 57
18 34
8 25
15 36
27 18
44 62
27 56
11 4
19 67
49 23
14 48
19 14
35 30
38 30
8 5
50 38
47 5
4 58
2 37
13 37
45 51
30 47
25 16
19 67
45 42
23 24
22 61
9 9
23 50
40 53
31 51
22 26
19 29
21 38
2 17
34 80
20 15
41 50
50 60
7 40
2 20
42 17
20 24
11 10
7 27
35 71
13 60
46 32
39 11
49 35
33 60
45 6
2 0
45 36
33 59
18 46
32 65
18 41
42 24
48 42
46 16
5 76
16 28
18 8
31 5
42 30
34 5
2 59
12 56
15 11
23 76
30 29
28 15
36 69
35 16
50 70
49 8
43 71
15 4
48 59
26 11
2 54
47 61
6 0
8 24
26 50
17 38
4 70
5 17
5 11
26 61
22 77
3 43
7 75
27 73
49 23
44 57
16 25
36 16
23 47
45 37
6 79
8 56
28 14
45 72
43 53
12 28
44 77
32 47
37 58
36 58
11 41
14 34
36 47
14 60
38 52
49 0
21 36
41 41
17 51
31 10
1 72
27 64
19 39
31 17
6 50
37 58
0 71
12 54
43 38
37 1
42 39
2 74
18 22
30 15
33 48
7 78
37 65
21 18
13 77
3 46
5 65
14 50
46 30
9 35
9 29
13 7
44 32
10 2
11 24
12 20
26 32
43 14
4 49
35 22
0 30
36 56
12 75
2 68
41 60
16 66
33 73
16 36
50 52
28 40
10 12
8 53
26 21
47 2
34 49
8 37
19 2
43 75
31 56
41 61
7 45
23 48
50 65
31 30
4 59
7 56
9 69
12 21
8 62
19 56
19 23
9 16
36 44
20 50
6 80
17 3
46 76
31 32
30 22
20 29
7 32
27 30
12 20
5 17
20 63
36 51
45 75
46 4
18 11
35 48
44 21
6 78
33 52
9 40
24 47
22 45
15 3
0 36
38 2
3 24
44 26
6 69
2 59
28 50
43 28
9 38
2 45
10 24
42 65
25 36
10 4
8 6
38 69
25 76
0 72
26 37
49 51
33 32
29 46
23 26
26 69
39 18
37 68
26 9
45 34
36 66
13 78
24 48
35 63
1 37
28 73
0 71
34 70
9 6
46 29
17 30
46 12
19 41
9 42
43 15
44 45
43 14
12 75
41 18
24 75
43 62
50 76
1 68
7 68
44 69
29 24
19 78
46 62
21 62
10 74
13 42
37 2
33 52
6 54
19 69
40 74
0 26
22 61
35 43
2 18
21 53
27 13
44 9
39 22
42 38
33 39
33 68
22 0
36 22
2 31
40 24
38 53
12 55
44 8
37 7
8 80
42 66
25 29
22 15
15 33
48 72
38 40
22 53
34 43
5 76
50 47
30 44
14 68
30 40
30 27
22 5
10 71
43 70
41 8
24 64
15 42
46 55
19 76
38 61
38 37
18 75
9 72
20 73
1 5
35 11
38 64
30 59
9 38
19 56
12 9
15 20
3 40
38 43
8 20
41 79
38 58
8 74
6 18
31 17
27 55
30 35
38 10
24 21
5 44
32 17
5 41
21 72
11 26
47 62
4 12
10 49
44 32
2 71
20 69
6 17
44 19
1 69
3 2
1 25
1 74
8 78
32 72
31 55
11 75
40 68
4 21
6 34
21 4
26 75
28 68
14 39
39 66
49 9
47 7
14 8
44 52
45 78
38 51
26 42
1 13
8 9
46 12
49 68
19 70
30 61
41 60
15 71
16 60
19 28
29 54
50 13
21 0
33 75
10 34
30 14
20 70
3 6
35 66
33 52
24 69
5 46
22 49
46 20
17 39
26 18
7 76
46 58
26 48
0 33
16 15
5 3
46 67
43 52
29 26
42 4
9 42
7 71
2 75
32 16
2 45
32 10
46 75
23 50
1 40
9 38
23 66
20 29
9 51
31 77
4 43
28 32
40 45
49 8
26 35
15 1
36 5
9 31
40 10
10 37
2 21
6 75
44 24
3 46
28 64
23 53
8 17
26 55
44 32
48 57
31 48
44 44
31 10
49 32
28 22
46 58
50 17
34 47
32 48
2 16
29 1
31 80
41 74
35 50
15 6
49 18
43 48
46 56
43 48
24 25
34 79
17 44
44 14
32 16
10 59
24 20
13 29
6 27
16 15
26 47
13 53
1 15
43 22
32 63
44 70
1 80
41 70
26 78
15 38
24 35
15 0
8 65
33 54
26 5
8 49
47 7
12 21
1 60
28 33
4 9
2 35
13 27
33 28
32 47
6 10
35 55
1 47
28 58
31 1
38 15
7 24
32 72
18 35
35 52
11 24
45 9
9 31
32 2
48 28
20 15
41 53
11 54
31 42
31 80
17 9
28 53
35 12
38 78
10 20
34 70
47 11
16 35
20 5
35 31
7 32
7 19
25 32
16 39
32 75
35 4
44 38
10 40
2 76
3 64
19 13
42 41
20 33
25 14
11 42
39 13
30 42
12 63
49 76
48 36
19 80
10 22
7 73
8 50
23 16
39 66
47 56
41 14
7 41
14 27
47 77
39 71
41 75
11 72
10 62
40 43
31 7
21 56
12 11
45 40
20 47
12 59
2 9
14 39
35 49
39 23
34 60
42 57
20 52
17 62
24 4
34 10
45 47
8 26
40 37
14 51
39 0
22 20
33 43
17 22
1 59
17 34
32 74
43 38
24 45
43 52
33 2
14 51
48 25
49 60
31 62
8 58
32 29
10 40
23 79
25 17
36 34
8 4
45 77
44 59
21 18
26 56
4 68
21 68
18 29
10 35
39 22
25 67
25 25
17 73
14 12
5 14
32 72
6 49
43 21
37 45
40 12
31 23
12 27
41 60
46 75
8 50
48 67
24 17
7 57
31 19
30 38
48 77
20 29
17 2
2 76
33 17
29 44
27 69
47 39
4 58
2 22
4 73
42 58
38 62
17 41
25 41
24 76
0 60
33 37
13 71
45 60
22 79
9 54
0 66
46 36
33 14
46 71
20 17
40 64
23 53
14 58
15 34
35 59
22 58
50 61
23 33
12 77
24 45
41 53
37 30
50 35
50 41
30 51
29 61
21 72
24 36
1 25
14 74
44 69
48 33
40 71
22 37
49 9
39 76
19 72
32 65
18 52
14 59
22 5
5 30
38 72
18 55
27 2
16 44
23 33
36 72
40 54
16 4
21 39
17 78
36 77
40 41
28 7
28 6
5 24
40 40
39 72
44 44
43 74
43 53
33 30
38 65
33 73
2 28
48 18
39 80
49 67
8 64
15 20
31 77
24 53
14 63
0 41
14 72
18 25
28 50
2 79
6 35
2 16
3 50
44 75
2 59
46 51
45 59
0 61
18 46
38 26
15 4
17 55
29 48
5 11
30 26
50 80
41 5
23 60
26 44
47 53
42 7
47 54
15 39
16 61
35 52
11 68
46 29
34 78
26 60
40 22
21 63
4 45
38 40
12 7
8 41
4 25
20 15
7 34
38 76
2 69
33 58
29 39
50 59
18 76
4 13
40 11
5 11
15 63
36 54
42 30
13 69
42 28
3 70
37 17
31 26
44 52
9 80
7 24
30 1
0 66
7 58
23 57
12 26
41 74
27 63
33 80
15 2
31 47
40 13
40 61
2 39
39 19
45 73
28 80
32 38
27 76
35 57
40 80
6 78
12 67
13 28
25 9
46 15
21 4
26 53
38 5
44 3
28 67
43 55
14 50
10 49
28 39
44 8
12 68
43 74
22 6
40 79
38 10
9 62
11 21
28 53
32 71
46 14
48 4
8 53
13 4
4 15
35 19
2 60
49 45
10 49
45 36
30 44
32 42
15 72
45 55
24 20
36 29
6 42
12 46
21 51
43 1
5 80
26 17
21 27
7 28
21 10
30 36
15 1
27 30
16 78
44 76
9 29
24 33
9 66
32 69
44 69
8 26
44 33
10 36
41 79
49 3
1 6
21 38
28 45
15 75
8 56
25 76
15 71
26 16
11 27
4 43
11 65
15 45
26 56
10 14
20 26
9 76
50 54
21 34
29 28
33 55
14 17
19 63
43 73
2 72
13 3
39 31
45 39
37 24
11 56
27 68
3 58
25 31
15 40
42 29
39 76
29 52
28 19
7 38
22 15
21 4
23 39
20 10
24 37
21 68
9 80
2 37
12 45
31 30
39 26
12 27
30 36
21 39
39 3
28 64
35 41
36 0
38 51
42 47
49 79
16 63
24 20
41 22
49 54
8 33
22 3
41 60
3 59
4 77
50 3
31 36
36 24
15 34
8 9
48 1
40 37
18 45
48 76
17 56
50 29
1 4
20 65
5 7
13 34
8 7
41 72
11 46
34 56
7 27
48 17
40 13
35 19
35 46
45 67
46 16
50 14
23 31
42 40
5 39
38 51
32 7
24 31
35 55
39 51
50 63
22 4
27 58
9 60
7 30
0 71
24 35
29 23
34 22
31 23
20 41
45 28
50 31
26 54
13 43
6 76
48 15
43 30
17 73
25 6
28 48
3 47
13 79
24 80
41 54
2 74
9 50
42 0
9 72
17 24
10 0
25 45
43 54
14 9
34 78
11 5
42 69
49 14
20 76
13 39
15 71
26 20
0 62
40 56
5 72
12 1
48 50
0 36
3 67
6 68
47 31
22 48
46 78
43 76
7 10
47 18
11 49
21 70
5 74
22 31
35 52
15 1
6 55
23 62
22 51
41 19
0 70
7 38
32 44
38 26
19 14
16 57
42 74
31 78
24 77
3 65
9 21
3 77
19 68
7 32
48 44
38 26
33 28
36 57
24 15
26 67
42 31
3 11
41 36
12 18
44 14
32 46
36 51
6 32
22 44
8 51
26 3
49 23
45 9
37 22
47 37
24 33
30 36
10 62
20 18
1 1
21 75
49 65
14 35
18 59
30 21
21 57
33 13
25 37
29 1
21 14
35 70
43 75
22 7
39 5
34 30
32 70
25 49
34 14
28 14
20 8
5 68
31 67
49 42
43 2
19 64
43 2
39 8
27 70
21 75
38 35
50 75
45 20
22 59
43 48
7 63
41 67
16 70
22 15
22 32
1 16
5 4
18 17
10 40
1 71
45 33
9 52
48 34
27 31
21 13
18 45
37 78
44 33
12 16
38 26
27 58
35 80
48 26
41 35
16 41
46 52
8 12
9 36
0 71
46 30
2 41
14 57
30 46
0 54
48 54
25 47
6 53
5 45
3 53
46 35
42 4
15 9
27 1
43 59
40 18
42 66
0 67
24 36
21 75
6 36
15 56
33 30
26 52
33 26
38 17
49 19
23 28
48 45
39 20
33 32
27 5
9 7
14 3
50 80
11 73
6 77
49 1
50 38
48 45
10 79
15 70
10 78
18 52
21 6
18 34
16 43
37 22
25 36
39 16
38 73
41 69
16 32
46 38
15 34
33 55
36 3
22 5
27 15
29 74
32 39
6 55
6 65
9 59
40 22
44 19
49 46
40 73
37 70
9 37
15 57
0 25
30 77
21 47
44 9
27 70
12 49
24 72
38 38
33 31
21 74
20 53
23 73
48 80
42 62
42 49
27 3
25 28
35 15
16 31
11 53
38 15
36 67
38 30
10 64
9 12
35 3
24 79
30 23
49 37
35 22
50 13
39 6
46 13
37 37
47 2
30 65
48 68
12 24
30 57
43 29
46 70
1 73
40 50
49 12
24 40
46 0
39 42
12 5
27 36
13 14
23 33
0 77
44 52
24 47
10 28
50 37
38 63
40 64
44 58
33 54
6 72
16 18
6 64
3 10
16 63
36 74
15 46
19 48
16 22
42 33
5 25
50 8
11 2
1 73
0 47
11 8
6 48
17 74
28 15
16 80
5 42
13 75
39 51
49 8
1 4
8 65
44 60
15 26
35 55
32 15
0 7
41 52
43 55
26 66
32 20
2 70
30 61
12 78
24 50
8 74
23 48
28 33
34 54
20 43
45 58
43 36
44 30
42 9
42 58
36 40
21 28
16 56
50 52
1 48
24 31
16 22
32 38
5 56
16 29
0 54
30 34
49 20
27 19
16 25
25 17
39 52
24 3
0 21
8 62
49 37
29 68
36 16
3 78
15 61
48 10
13 40
39 41
31 11
10 27
22 33
48 69
46 18
9 11
6 78
49 72
18 46
44 60
43 32
41 36
5 64
8 2
15 4
28 13
44 36
50 3
14 4
49 6
40 39
24 17
18 5
35 40
30 66
34 8
37 16
40 21
22 45
2 31
44 34
29 20
41 64
22 63
49 42
28 7
9 55
8 57
21 51
7 59
42 23
23 9
26 0
37 73
23 39
33 41
36 1
4 51
24 10
6 30
0 15
14 75
6 42
43 12
38 9
33 63
3 7
50 73
24 10
25 37
9 22
20 7
2 50
21 30
16 24
17 10
33 24
39 20
12 9
8 33
32 17
2 34
39 45
31 61
41 47
30 33
31 22
9 46
44 6
3 54
50 78
46 15
30 74
39 47
10 62
26 32
17 23
0 57
37 78
7 5
38 29
2 48
7 55
15 61
15 15
41 61
33 29
18 65
3 19
18 45
17 79
48 79
40 20
37 16
5 23
35 37
45 2
22 64
24 1
32 18
11 57
35 59
45 48
9 2
21 76
29 74
42 36
13 75
6 8
18 3
10 17
12 37
43 29
43 21
50 59
10 28
29 1
3 54
24 73
19 5
48 37
3 55
46 32
33 46
20 51
4 55
33 32
32 33
22 78
30 70
30 23
20 4
9 56
45 11
18 3
30 66
33 59
3 19
32 42
8 30
27 53
17 46
14 38
5 76
11 61
43 30
46 42
5 33
40 25
26 0
29 73
31 7
35 49
1 24
10 26
15 47
24 28
12 43
32 74
18 3
32 59
38 77
10 27
42 14
5 39
1 8
36 56
45 12
13 18
43 72
41 26
36 21
2 18
44 8
27 32
37 31
26 38
35 78
49 26
47 63
49 2
23 46
49 74
41 70
17 38
1 20
1 27
10 46
21 79
22 25
7 25
17 43
35 19
25 72
46 28
37 63
16 11
0 35
21 6
38 7
13 66
42 62
24 19
41 74
6 70
27 43
34 48
41 7
35 10
1 31
0 69
31 9
41 28
24 56
26 16
25 11
43 41
13 46
9 9
16 52
3 16
12 43
28 36
5 62
0 29
11 11
4 22
17 37
42 2
7 70
31 15
14 60
8 7
10 39
21 44
0 44
45 45
19 16
44 31
47 25
17 75
44 31
7 25
5 44
32 50
15 23
16 32
1 57
15 47
19 63
6 47
40 63
47 60
9 14
24 3
25 76
2 0
28 80
3 24
16 30
17 45
1 18
12 78
22 71
12 52
14 41
41 41
48 19
46 77
17 72
6 16
17 26
20 80
2 32
34 10
50 50
15 45
4 20
43 58
47 40
15 42
10 40
31 6
42 46
47 25
32 50
23 14
43 39
44 17
41 66
39 49
17 59
11 24
1 54
34 28
30 37
4 66
31 46
48 34
3 44
41 63
8 39
6 72
49 43
5 28
37 39
22 40
49 59
22 41
3 13
9 17
8 74
7 54
50 34
33 12
34 42
29 68
16 70
30 67
34 2
10 69
30 41
6 37
44 61
36 65
13 77
41 54
16 74
27 5
29 64
31 13
25 73
1 69
49 69
36 36
22 42
18 34
34 22
28 61
0 80
2 33
0 34
30 25
44 14
46 1
5 67
9 4
4 18
44 9
17 71
1 60
22 12
2 28
2 16
13 44
50 73
14 66
22 1
46 56
16 28
9 62
8 78
8 38
36 27
15 49
7 66
6 36
34 54
34 59
11 53
31 69
32 26
9 47
0 45
18 73
10 72
39 63
45 66
9 49
7 5
5 21
21 7
41 15
20 18
28 79
22 70
25 65
23 18
6 69
42 9
27 61
41 18
26 21
8 61
7 35
13 57
45 36
18 39
0 74
10 5
39 80
1 8
16 0
27 78
11 30
32 30
37 55
25 60
19 30
6 69
11 15
7 79
19 44
34 9
4 5
9 40
48 22
33 20
7 57
46 34
29 56
47 49
47 45
21 49
47 53
14 37
25 36
15 34
22 5
15 35
0 55
20 25
16 37
43 48
28 25
19 24
20 57
24 48
15 72
10 1
11 78
44 77
18 7
0 19
39 35
19 10
11 45
49 71
6 22
44 19
49 31
14 64
38 36
12 64
41 12
9 31
27 25
10 79
38 3
1 13
16 69
47 54
16 33
4 66
0 15
39 42
21 0
17 23
41 38
23 19
0 70
21 60
0 0
5 41
9 3
49 70
28 28
1 58
12 16
31 4
41 53
21 16
31 36
40 13
33 45
0 29
7 69
23 49
13 67
35 56
34 6
34 53
6 18
35 3
32 45
41 47
28 51
47 27
30 5
44 16
7 35
14 21
7 23
30 9
5 27
8 60
8 27
42 32
34 47
20 14
4 60
45 34
43 19
18 10
18 66
26 58
47 74
9 19
44 23
27 74
7 72
16 7
41 20
15 49
2 60
33 34
4 59
33 26
20 51
15 41
19 41
20 76
37 46
34 79
48 44
30 40
18 12
30 10
46 46
11 80
35 5
3 4
32 51
36 10
39 22
15 67
5 27
39 39
29 70
13 78
16 7
33 50
46 62
5 35
30 48
47 47
3 76
32 25
46 52
3 9
11 31
15 19
41 40
31 12
26 63
34 34
11 6
2 65
26 15
17 55
49 39
48 0
32 43
44 17
25 51
48 60
40 44
28 79
27 50
43 63
6 3
34 13
9 21
43 18
50 0
24 13
12 77
27 54
4 4
23 43
42 12
39 26
22 57
17 19
37 50
1 20
25 76
45 36
22 9
15 55
9 78
40 68
28 62
6 15
50 79
2 9
41 49
4 40
33 28
30 57
9 56
39 7
15 34
35 30
12 25
26 44
48 13
22 73
11 68
42 74
29 42
9 54
30 31
36 47
41 2
35 27
29 37
46 54
45 2
26 58
43 27
7 29
33 58
42 5
0 13
5 76
26 42
35 28
37 12
48 5
45 5
19 6
34 32
17 51
33 18
37 11
7 58
37 24
15 71
41 61
4 39
7 72
38 28
43 49
41 62
24 64
13 64
45 66
31 56
45 55
24 78
15 47
32 24
2 5
11 73
46 27
49 70
13 51
36 61
26 44
8 18
47 41
19 49
3 57
38 15
48 59
19 75
7 24
8 35
46 50
19 36
41 9
22 43
17 74
14 15
46 67
15 16
19 42
41 6
43 51
24 7
27 69
5 19
36 66
10 75
4 40
42 80
14 37
46 22
49 66
21 54
18 23
8 69
28 42
43 78
1 56
22 56
18 46
28 48
17 65
38 2
35 24
46 10
27 66
41 73
24 66
39 13
22 7
2 76
44 27
13 73
7 18
47 2
44 52
3 12
38 12
31 22
18 45
21 21
29 32
10 72
45 46
32 46
26 64
29 14
30 10
47 21
4 28
7 23
11 20
6 47
34 23
11 75
39 49
13 14
42 40
5 18
22 77
25 24
12 43
8 65
27 38
28 70
25 1
9 53
29 68
25 7
48 15
11 40
18 76
1 40
39 61
23 27
40 19
0 41
20 18
32 14
10 37
3 13
15 65
15 78
22 58
8 40
27 6
45 60
14 19
1 22
10 12
18 30
38 72
46 56
22 5
35 46
8 9
17 66
42 53
24 79
12 19
4 6
41 55
7 3
33 40
32 5
33 46
7 41
36 58
28 3
29 72
3 7
13 1
33 70
11 4
2 61
25 33
39 34
21 39
34 9
5 6
22 16
14 60
38 7
18 20
17 34
28 57
40 64
17 50
36 27
15 4
35 34
26 20
16 34
27 12
19 45
20 63
20 33
42 4
10 23
49 12
12 78
26 76
43 38
17 36
2 64
19 80
15 54
32 29
28 41
23 40
42 26
49 7
21 41
38 28
43 48
40 14
7 1
50 78
48 2
4 72
1 9
45 5
40 13
15 1
44 67
28 15
9 76
28 74
35 22
16 48
2 74
11 8
45 54
38 31
13 43
37 73
49 22
0 52
29 28
26 27
48 77
20 27
8 18
33 10
18 44
44 78
37 62
3 30
5 15
34 4
18 11
16 0
39 22
22 40
26 11
17 60
24 18
32 29
48 9
16 22
10 15
40 62
20 2
19 21
24 80
37 48
9 49
29 1
40 68
50 77
39 9
43 65
42 6
5 15
12 32
32 55
7 42
34 51
22 54
8 17
45 21
47 44
32 70
31 11
48 42
30 23
28 65
14 54
28 72
2 57
39 37
13 25
34 27
29 43
45 70
41 53
30 23
16 67
18 26
40 13
30 2
29 0
5 3
23 76
30 5
35 36
34 43
35 25
20 44
32 59
49 66
47 31
15 18
20 40
31 46
4 48
45 55
45 79
34 75
11 38
42 41
21 34
38 21
39 75
1 79
40 31
31 43
1 50
48 9
32 5
3 75
16 61
19 13
47 58
6 13
48 20
3 67
43 43
5 61
43 58
32 36
25 20
26 23
42 60
14 69
23 50
40 76
26 53
36 65
26 64
10 59
16 78
42 77
23 1
40 50
26 50
49 52
44 57
27 54
17 22
37 40
16 33
12 52
7 59
42 33
7 39
39 2
4 80
34 43
11 52
8 66
29 30
4 13
31 74
15 55
42 51
8 13
15 29
18 1
15 8
7 10
27 39
8 22
14 67
42 33
19 76
27 78
22 33
34 70
24 23
26 38
19 24
41 62
37 35
5 71
17 32
13 5
4 0
9 78
34 1
11 63
48 49
30 32
22 7
24 10
16 78
32 33
49 31
35 34
33 21
26 43
31 50
27 25
2 65
36 40
27 71
36 55
17 20
40 11
46 3
49 17
44 27
30 72
25 56
2 73
38 5
34 59
14 64
25 6
6 72
35 50
25 61
25 46
10 2
49 61
28 37
9 39
15 8
40 68
19 53
7 35
27 16
9 68
38 64
19 45
46 37
36 68
14 45
47 34
47 23
39 1
22 38
37 11
29 36
12 50
35 16
16 72
39 78
12 60
49 79
43 25
43 12
32 50
37 79
45 17
13 53
0 63
16 61
28 25
45 14
16 22
48 60
15 37
50 17
22 41
5 4
17 36
49 60
22 75
15 78
8 1
0 17
21 20
24 76
44 76
13 46
42 31
36 11
32 80
28 70
12 38
8 18
5 7
0 73
23 6
11 34
23 25
1 29
27 68
28 62
13 6
7 20
23 7
46 32
22 31
33 25
25 51
2 12
49 1
21 79
12 9
20 13
32 66
14 39
6 6
34 67
2 64
37 23
35 41
7 67
3 52
47 24
6 36
25 36
45 1
38 3
33 40
23 5
19 60
33 34
1 44
50 40
18 42
13 49
22 37
8 31
13 10
38 36
10 11
45 76
17 74
19 6
7 54
14 3
33 27
33 11
17 55
14 4
19 43
43 68
21 59
10 61
12 27
45 54
13 13
15 80
50 22
20 77
15 73
2 15
26 72
22 46
8 52
18 38
5 6
35 36
6 0
4 68
20 78
18 44
40 36
20 3
20 21
7 0
48 50
8 24
36 7
4 14
11 38
33 22
44 13
46 57
0 56
21 47
28 48
27 24
10 43
14 18
27 36
41 25
15 27
26 36
31 65
16 4
4 11
17 44
23 50
12 36
48 2
45 17
24 21
30 3
41 42
3 36
48 74
24 19
10 5
37 77
7 68
1 7
10 63
49 34
45 68
49 78
39 53
39 69
7 25
1 80
11 31
3 77
38 34
46 36
38 61
8 51
49 64
6 30
32 69
30 64
16 6
18 24
6 58
7 50
42 79
44 6
8 59
9 24
43 32
42 6
8 44
22 34
24 66
22 60
41 22
50 53
30 27
36 9
36 14
46 36
2 34
38 8
32 75
40 34
15 64
43 52
17 65
30 56
32 73
49 64
15 11
4 31
5 57
15 45
17 19
48 6
27 66
35 66
11 48
49 18
22 20
49 7
47 54
32 57
11 42
20 41
1 5
23 76
49 24
39 34
42 5
40 30
10 31
32 43
28 41
46 53
42 80
23 23
26 68
44 66
49 51
35 16
2 73
36 79
39 71
10 49
24 16
21 47
41 41
21 77
22 47
50 36
35 11
49 21
28 4
1 45
6 9
18 79
4 48
49 14
29 54
37 22
28 21
22 13
23 46
39 13
27 66
22 76
40 52
32 37
38 65
40 10
39 71
24 63
8 55
40 8
34 74
31 28
31 48
34 7
7 36
16 15
7 42
45 12
11 8
15 29
16 2
45 63
30 51
47 69
16 45
12 0
37 59
40 48
44 28
38 14
42 15
21 52
27 64
31 32
10 62
9 54
27 17
27 68
6 12
38 0
8 8
42 73
39 54
9 22
29 53
32 64
5 15
37 62
21 44
23 19
17 16
18 33
45 4
27 31
2 24
9 55
17 54
32 25
19 12
22 76
36 26
4 62
26 80
37 52
42 45
7 52
23 15
7 79
43 43
9 69
43 75
1 19
32 67
26 1
32 23
3 36
28 71
43 22
38 6
17 17
37 56
28 3
6 41
26 66
9 0
1 60
49 37
2 51
42 43
15 9
43 26
22 10
43 80
32 27
8 12
38 0
43 22
30 56
45 40
1 72
30 48
41 27
33 67
12 78
45 59
22 51
33 22
30 22
9 19
29 59
3 10
48 79
23 12
23 45
50 64
36 43
40 27
29 78
23 65
8 71
45 21
32 68
24 75
36 73
13 8
5 66
21 38
35 74
14 33
18 39
0 30
24 14
42 35
41 3
38 53
39 32
37 39
44 80
7 77
17 15
12 10
46 25
48 21
9 30
26 70
47 55
16 8
23 45
4 75
13 39
10 42
11 52
45 9
30 21
40 16
18 39
20 67
40 66
50 9
14 31
29 49
6 43
1 66
33 74
32 11
20 10
46 29
43 39
27 6
29 32
5 54
31 60
7 63
20 46
10 3
14 54
38 27
27 49
10 10
47 59
49 32
36 78
15 0
23 41
37 9
22 78
2 72
7 17
7 27
9 32
11 59
1 50
8 62
43 2
8 67
1 65
37 41
8 9
34 54
2 47
38 79
22 9
49 29
4 74
6 10
10 7
7 23
30 73
42 8
42 6
8 27
38 5
31 24
16 64
6 2
29 21
35 35
34 61
28 59
35 40
13 56
3 38
25 25
30 25
9 46
44 25
45 27
48 5
20 56
36 20
47 32
18 2
27 60
38 54
10 26
21 57
5 76
48 12
45 12
37 47
17 70
18 80
2 26
30 72
23 38
23 29
21 8
24 62
36 2
13 74
7 63
31 48
30 5
13 64
25 42
33 30
2 6
28 12
29 52
50 73
27 29
23 36
44 18
22 15
17 65
2 73
18 25
28 57
14 18
30 36
1 78
19 28
35 51
42 37
3 14
43 11
37 15
21 74
36 35
21 75
17 40
26 56
41 51
35 58
15 68
43 29
1 33
25 71
42 31
24 36
45 70
13 24
8 79
41 8
12 46
8 75
15 8
15 72
13 42
42 62
23 46
4 17
0 45
30 26
39 78
40 29
17 70
49 42
24 51
35 76
20 13
45 18
32 7
28 73
48 10
41 65
28 10
2 69
5 13
0 4
15 28
9 48
48 11
17 2
50 13
23 33
7 0
19 51
12 36
8 5
6 73
49 16
34 32
4 23
41 40
46 46
48 28
16 59
23 54
25 45
2 63
31 2
15 68
11 48
27 53
14 40
40 49
49 59
14 13
50 70
9 58
36 73
28 3
29 29
26 24
2 38
27 37
13 71
34 29
20 7
18 61
7 22
10 54
43 42
50 51
41 68
39 4
36 50
15 38
44 77
1 13
32 5
35 64
23 16
35 6
22 8
43 31
31 67
49 13
1 18
5 23
16 27
26 48
21 1
7 73
6 18
23 79
43 30
14 38
19 6
14 73
14 34
24 70
38 72
36 51
13 70
33 0
40 39
45 65
8 34
8 73
9 52
37 54
30 10
3 4
27 20
38 16
12 23
4 7
5 62
30 62
39 15
1 36
22 72
46 75
3 9
43 13
41 0
31 71
9 15
1 75
22 17
21 57
41 9
0 61
10 35
13 69
50 42
43 36
4 49
30 35
20 49
7 30
36 7
44 54
21 15
25 22
24 66
37 19
18 7
36 43
11 10
43 29
35 75
17 46
18 30
29 73
20 54
33 62
4 48
40 6
37 24
35 36
30 38
4 38
28 69
19 47
12 36
23 57
28 42
11 24
40 10
48 28
26 76
39 17
27 13
2 66
26 41
33 59
18 44
39 63
45 34
12 59
21 5
41 50
0 54
13 19
27 70
44 72
47 77
31 11
25 34
13 66
33 23
13 74
36 59
29 36
5 15
26 1
9 16
0 74
38 7
39 72
41 2
17 47
45 55
12 47
10 19
46 34
12 34
37 43
21 43
29 67
50 64
32 77
44 20
43 16
28 36
48 77
41 75
18 79
1 69
25 17
47 63
48 41
47 65
15 8
28 48
18 52
27 6
27 41
48 57
36 51
18 0
25 56
44 27
14 5
8 31
14 61
46 53
10 47
35 79
47 11
8 34
31 38
17 19
44 80
43 67
21 58
6 75
24 35
5 65
2 76
50 40
47 69
17 17
38 65
10 48
28 10
38 55
12 12
4 44
28 74
15 78
8 24
31 19
49 10
13 42
14 2
50 65
40 20
33 33
36 19
24 41
29 23
47 17
35 21
24 45
17 21
40 24
11 1
6 1
23 49
39 24
13 77
35 59
22 36
1 72
13 8
9 51
14 55
29 55
50 48
32 25
14 7
42 62
3 10
47 5
46 29
17 53
19 62
22 47
33 11
49 37
27 16
46 61
8 17
47 8
44 30
6 77
10 3
15 78
30 66
16 19
6 33
46 54
43 1
44 61
38 26
49 22
35 46
20 48
44 39
38 63
38 54
10 54
19 36
13 63
27 80
33 0
35 11
41 24
41 57
9 11
47 31
30 25
48 42
39 76
30 37
1 75
20 78
22 23
10 43
50 58
36 24
32 33
46 28
0 25
34 44
3 73
24 13
33 15
22 45
35 6
18 68
48 45
29 15
17 18
48 45
43 76
9 50
46 30
26 63
1 74
37 28
46 14
34 49
6 2
5 41
21 27
48 57
22 29
37 22
36 52
25 36
27 6
43 79
48 21
40 6
9 31
33 4
9 58
47 14
11 3
25 38
48 44
40 57
43 59
23 44
42 73
34 64
34 26
16 3
2 6
17 16
42 16
25 42
1 38
10 9
16 25
16 11
23 53
2 50
12 30
37 53
30 65
14 71
5 78
19 17
24 79
5 73
1 11
30 20
17 23
46 59
22 73
22 48
4 48
20 22
35 49
32 8
0 48
25 56
32 37
23 45
26 65
2 32
47 8
7 80
21 14
5 29
32 64
29 68
3 51
38 14
7 45
44 18
49 61
8 76
24 63
33 24
34 67
11 4
24 36
16 34
48 18
46 16
14 21
49 11
13 47
41 0
37 30
31 41
49 41
27 6
12 42
4 75
18 35
45 55
2 37
34 52
39 26
3 41
25 76
36 65
40 0
40 64
23 25
12 5
26 38
38 5
23 28
0 42
30 38
23 74
2 12
35 48
48 71
45 3
12 6
26 32
30 59
31 29
11 41
49 5
11 68
48 40
3 33
23 43
41 24
18 77
18 58
49 17
37 68
48 7
15 78
36 4
27 10
13 56
34 15
18 9
39 17
2 24
15 41
11 40
35 57
32 40
27 45
5 60
23 35
25 59
21 24
44 32
47 50
17 59
42 45
21 54
10 62
46 32
11 34
11 80
44 30
8 76
50 33
42 26
26 4
5 50
22 43
42 43
20 80
16 72
7 67
33 1
25 0
4 60
3 11
48 14
3 34
11 13
20 66
6 15
40 12
20 49
7 40
37 29
5 12
11 31
41 27
26 43
2 49
44 27
18 61
26 63
18 21
4 34
1 77
10 1
17 45
13 73
3 0
18 18
36 80
31 60
24 12
26 26
48 73
44 53
44 59
36 46
15 14
22 29
34 1
47 44
6 12
40 15
13 75
13 75
41 79
39 39
3 59
1 30
0 17
46 61
37 37
34 71
11 67
30 24
38 26
20 50
46 76
37 67
13 51
31 20
12 32
4 70
42 20
3 1
19 11
10 74
17 72
14 52
18 55
40 66
6 51
2 21
27 54
38 0
41 25
38 1
22 19
31 32
41 63
35 38
21 4
42 62
21 46
0 8
15 25
4 20
43 42
40 64
12 19
20 13
24 66
48 15
31 2
33 50
48 39
10 16
4 38
47 23
12 72
2 18
16 55
29 53
5 3
19 55
21 11
17 76
3 74
35 47
7 28
14 23
35 67
43 66
20 53
8 59
44 58
17 62
1 61
10 59
3 58
0 39
27 60
16 67
32 35
46 18
11 71
38 33
29 69
45 13
27 9
8 47
48 22
23 64
37 11
39 74
35 66
38 69
12 20
20 71
42 28
48 76
50 29
14 5
22 38
37 52
31 33
36 7
30 27
45 52
32 41
7 44
12 25
13 19
13 30
16 35
46 76
47 73
19 2
9 59
26 76
35 14
46 40
0 40
1 25
20 51
5 79
2 49
9 15
41 22
36 13
17 0
40 20
47 68
30 34
21 39
5 49
22 25
44 21
39 13
14 47
1 18
45 56
44 72
29 21
7 77
18 8
8 54
14 38
24 73
10 77
47 22
39 19
8 1
19 64
49 71
48 0
40 53
31 58
25 12
37 75
32 76
22 0
16 80
11 76
5 73
13 22
45 43
38 17
22 24
34 53
14 49
9 71
17 66
41 17
0 60
18 9
46 65
49 26
44 10
49 72
15 38
16 8
20 9
19 7
46 58
10 43
40 44
36 2
39 25
28 64
38 74
28 79
23 3
20 64
1 58
21 25
29 21
1 19
30 51
17 20
5 65
7 6
5 67
45 20
2 71
20 73
44 36
25 80
7 22
0 3
11 78
9 51
5 1
23 7
29 78
18 45
12 70
26 78
11 68
1 23
21 44
40 36
2 75
30 3
40 5
28 24
3 28
48 47
44 70
13 77
1 62
43 53
36 80
26 72
32 25
32 73
9 24
14 13
36 75
49 10
46 74
49 49
41 20
14 21
49 61
35 51
50 42
1 47
23 18
23 71
8 59
24 47
46 31
4 49
21 61
25 18
17 71
35 75
29 22
13 1
11 28
44 74
16 24
20 35
26 20
47 16
39 38
6 60
6 35
12 41
14 2
14 35
35 79
19 1
18 70
1 80
34 56
45 58
41 67
10 17
8 1
35 23
47 19
33 54
23 59
26 13
22 45
25 1
0 35
22 73
39 63
10 6
6 33
50 40
43 72
39 80
22 27
31 78
2 29
50 36
4 28
36 38
38 67
32 0
22 46
4 29
3 18
20 77
27 54
40 20
43 66
5 58
19 65
34 69
47 54
48 17
37 71
44 42
17 62
3 17
31 52
11 7
4 1
38 20
14 38
41 22
41 76
16 56
13 2
31 35
45 66
4 0
30 79
28 13
9 43
45 29
31 58
2 80
45 58
33 13
11 0
24 60
14 43
6 57
34 5
7 13
24 53
47 34
9 29
26 13
25 73
30 69
47 54
3 34
39 9
29 62
36 28
22 80
37 5
33 57
27 58
34 53
15 48
26 64
34 41
17 31
3 10
2 13
2 50
44 77
23 71
28 42
6 28
35 63
19 43
39 67
20 16
46 7
8 45
32 70
7 36
48 52
44 55
32 35
33 26
16 30
39 40
36 37
34 61
43 9
42 78
29 7
29 46
14 58
28 35
27 34
39 37
1 15
19 30
34 75
38 64
6 19
7 6
11 79
29 49
25 30
47 62
12 7
29 48
14 41
28 68
3 63
29 0
38 79
48 27
33 67
5 64
10 67
42 9
15 49
43 68
12 13
39 37
22 49
48 53
3 66
16 31
23 75
46 79
45 22
31 14
29 79
48 33
25 19
41 63
10 10
28 67
29 45
2 1
35 53
28 15
34 14
7 66
50 11
46 37
40 51
23 49
43 47
25 76
45 80
0 60
49 15
35 80
27 56
25 19
19 36
35 39
45 54
35 70
17 11
7 38
5 38
28 65
42 64
17 77
44 45
32 62
20 25
39 60
1 18
36 43
48 62
3 16
39 33
5 44
11 10
47 60
37 36
41 41
39 32
45 11
6 43
41 14
37 27
23 22
8 16
43 55
37 1
7 68
36 76
17 80
47 14
28 61
5 19
0 29
9 11
0 35
40 59
44 28
35 51
46 36
6 76
3 29
20 66
31 33
42 16
40 29
20 27
39 4
3 50
38 14
29 16
17 2
26 55
48 29
14 38
30 75
0 68
46 35
7 40
18 76
11 11
1 45
34 24
50 77
9 29
27 45
38 15
25 60
12 56
45 11
26 42
0 6
34 57
24 7
29 45
1 51
32 71
16 38
24 79
32 54
27 30
35 68
50 78
13 75
11 15
30 48
37 31
23 78
26 4
19 10
7 30
31 14
35 8
14 18
4 21
42 30
10 19
0 35
18 31
21 75
9 58
24 77
43 7
48 71
19 48
38 55
41 43
46 17
34 16
40 10
22 68
21 73
17 75
10 28
29 48
34 72
6 31
31 57
34 11
17 16
16 12
12 6
4 76
39 71
13 4
40 40
14 79
4 61
7 22
18 18
4 71
43 49
32 15
46 72
44 70
5 13
22 27
50 71
28 53
37 75
30 80
29 35
22 16
43 48
32 33
49 56
18 22
5 67
13 57
29 17
24 68
50 69
5 21
4 8
31 15
42 9
18 10
47 28
47 61
10 31
23 33
17 61
14 80
26 16
18 48
15 20
11 1
28 49
48 64
26 9
11 70
5 15
39 62
42 53
42 18
28 69
30 59
41 44
35 10
30 15
28 52
20 49
28 19
28 46
20 16
30 40
21 34
47 44
18 10
19 1
26 34
50 80
15 19
46 63
20 47
18 2
1 16
31 63
42 5
26 57
43 26
0 47
27 64
9 22
11 46
19 74
22 17
16 79
19 6
8 21
20 17
8 70
16 20
7 32
34 28
42 57
47 80
45 29
33 0
50 20
7 79
18 8
43 6
11 49
41 2
14 47
17 71
33 76
0 17
40 17
30 10
12 59
49 76
32 45
10 10
6 14
25 68
11 43
5 1
11 71
21 70
25 29
12 21
2 24
38 80
49 15
39 24
33 13
13 64
26 35
50 5
40 74
26 74
45 27
17 36
5 12
3 9
32 17
29 57
16 67
33 24
17 36
23 76
5 70
0 3
25 62
25 49
24 16
39 45
37 26
49 16
32 75
48 28
3 53
43 62
44 58
1 23
0 43
33 80
3 6
19 54
39 75
24 49
46 4
33 34
33 38
26 64
19 28
15 30
45 17
0 9
20 74
49 55
10 20
35 20
50 24
35 34
35 74
50 73
7 42
10 58
28 9
35 22
46 65
21 73
46 2
46 78
44 70
18 76
26 51
45 1
17 24
22 21
21 53
22 61
44 64
20 24
4 36
41 62
7 80
29 44
33 19
12 9
6 58
39 37
16 32
24 1
43 14
17 29
14 32
42 14
4 18
17 21
48 55
3 19
40 52
27 13
29 41
30 26
7 56
10 47
18 16
30 30
44 18
39 50
23 71
28 28
38 74
27 56
21 80
7 2
26 74
50 36
13 1
7 80
35 77
39 78
49 69
33 68
14 23
17 60
3 32
12 1
11 23
5 36
33 10
16 27
18 40
19 31
48 31
32 56
48 45
46 44
42 34
20 30
40 72
42 13
2 2
43 6
46 38
1 35
29 79
10 36
10 37
29 79
10 0
12 57
13 62
25 78
41 70
31 76
49 47
21 40
3 57
7 39
31 16
48 68
5 34
2 8
8 29
34 39
43 23
35 1
6 13
37 32
27 75
40 73
32 22
45 59
43 49
26 9
32 21
45 28
1 12
40 79
31 69
26 37
45 64
37 52
34 39
29 26
30 70
14 61
44 44
45 67
2 45
39 11
44 28
39 37
2 42
33 34
27 11
14 20
22 12
31 70
24 46
14 7
10 11
24 10
11 59
36 45
11 57
4 42
23 21
38 41
26 31
49 44
38 75
44 18
2 7
24 25
41 49
40 41
49 76
31 27
23 48
36 3
31 75
8 66
37 10
9 68
14 44
6 76
19 7
39 79
44 79
10 41
10 68
30 46
6 46
40 66
1 35
21 69
15 13
3 63
0 68
35 62
46 75
19 48
39 15
6 42
31 79
22 11
46 58
36 1
41 26
50 32
7 40
30 48
2 80
37 19
37 1
22 28
22 18
8 25
16 30
8 29
44 14
31 29
37 29
11 10
41 37
5 51
1 75
4 1
18 67
7 77
28 56
19 66
40 12
2 51
18 57
35 54
43 45
12 12
11 63
14 67
48 63
34 13
39 31
10 13
29 5
19 14
0 61
49 9
37 2
22 4
23 58
18 10
23 18
5 21
18 78
3 35
14 48
41 80
13 21
12 34
50 35
39 50
18 41
4 5
48 73
32 52
48 48
11 14
28 68
47 77
3 20
45 7
50 52
24 26
12 78
15 69
12 29
42 43
12 78
35 12
41 21
33 24
41 43
23 0
5 20
34 57
43 20
48 62
17 34
11 29
19 71
39 24
38 59
46 5
31 55
27 80
48 7
46 64
31 8
4 62
41 45
21 1
27 46
17 8
5 71
43 79
7 65
49 78
22 57
4 5
17 42
6 11
17 42
6 69
18 42
20 22
8 27
6 48
28 37
21 46
35 16
21 9
44 40
13 11
10 32
19 27
21 46
0 10
50 43
39 7
19 77
23 40
42 43
29 63
5 40
41 5
39 35
35 62
32 44
7 27
5 49
41 11
49 67
14 32
29 28
32 30
43 1
7 71
1 34
21 37
20 62
16 25
1 72
17 53
20 3
47 68
10 34
19 80
45 12
50 44
24 61
31 2
46 67
39 50
11 0
14 49
2 5
15 53
46 18
1 29
0 57
49 41
15 31
21 64
5 14
49 62
29 53
47 60
9 66
1 63
33 69
20 16
19 67
39 0
16 29
0 41
48 65
18 31
42 73
17 40
7 40
44 31
46 6
14 12
24 53
13 77
22 72
3 57
9 6
11 57
5 40
29 70
45 30
49 58
50 75
12 78
12 18
44 35
14 53
40 32
25 2
15 48
12 24
30 7
19 65
37 48
40 69
22 74
41 30
49 78
1 30
26 67
40 33
24 63
45 8
48 80
19 20
0 47
3 25
38 71
24 56
0 46
22 66
10 62
50 78
46 0
16 61
12 67
0 60
50 61
43 2
0 2
44 67
32 80
13 76
12 11
0 47
13 20
29 28
45 45
49 48
10 58
9 3
32 70
48 0
46 77
9 19
14 31
16 27
11 59
44 65
12 53
0 61
23 76
4 38
30 32
12 66
49 17
31 26
4 65
50 38
15 51
34 28
20 57
2 23
24 60
10 65
21 61
36 10
38 24
41 36
32 42
28 41
46 47
10 27
34 42
46 13
16 70
22 53
44 35
10 4
47 13
42 48
35 34
28 8
50 29
32 52
24 34
39 17
6 45
18 26
45 14
43 53
50 7
9 39
4 77
18 3
17 18
48 30
48 21
22 44
3 3
16 80
0 75
26 25
29 73
33 21
35 55
4 77
18 12
42 69
49 63
12 67
45 47
38 57
41 29
11 70
36 51
22 56
47 3
36 19
8 54
40 53
34 65
47 66
12 28
13 72
44 32
2 70
26 7
1 6
48 48
36 7
27 5
24 62
33 45
14 21
22 29
15 76
33 13
13 46
30 20
35 42
6 38
29 32
43 50
3 70
9 71
17 51
4 8
23 4
0 20
44 48
30 7
39 13
38 41
9 57
18 9
0 34
42 59
28 52
36 29
3 72
24 65
45 25
43 17
35 13
37 65
23 24
5 63
7 2
22 10
33 55
35 5
40 12
11 6
2 51
36 67
4 55
21 45
27 58
14 35
10 45
35 61
18 47
36 10
24 32
11 4
42 29
6 61
0 36
21 53
26 53
33 56
24 56
42 58
27 55
37 68
37 79
5 10
40 2
46 52
33 49
32 5
35 9
33 18
42 55
44 26
2 31
39 0
33 29
41 20
15 5
12 61
41 23
43 2
16 56
50 56
20 6
5 74
27 69
5 77
19 33
13 67
12 66
7 5
15 11
45 32
17 31
25 53
8 56
12 28
3 0
2 73
46 67
22 73
32 43
40 22
48 68
42 47
19 58
30 31
16 45
40 58
4 35
32 5
32 14
5 48
46 19
39 21
46 38
7 60
20 74
38 39
7 9
9 72
38 38
2 58
46 7
44 66
7 71
5 21
26 58
1 47
27 51
5 42
46 12
24 23
16 34
11 57
0 80
38 33
45 67
25 68
24 48
34 12
32 49
14 21
47 80
43 27
24 11
37 35
23 44
32 47
2 58
1 76
39 44
35 37
2 77
14 11
45 13
46 65
38 35
24 48
18 51
3 27
26 69
13 77
8 65
12 56
26 38
0 26
49 49
45 30
2 12
44 22
34 7
45 3
34 59
2 14
33 56
34 26
31 75
26 24
1 33
20 14
29 46
48 36
27 75
21 68
11 7
6 60
19 42
